800930002
009000040
702100960
200000090
060000070
070006005
027008406
030000500
500062008

005300000
800000020
070010500
400005300
010070006
003200080
060500009
004000030
000009700

000000010400000000020000000000050407008000300001090000300400200050100000000806000
000000010400000000020000000000050604008000300001090000300400200050100000000807000
060000300400700000000000080000008012500600000000000050082000700000500600000010000
300004000000080050600000700080600000000000200000000040000130600040000003002700000
600700200000500003000000000100004080005300000000600000000080450230000000700000000
050000940010600000000002000703000020000560000000100000208040000400000000000000100
